# SEQUENCIA, LEVEL, CLASSE, TYPE, ITEM
# TYPE = -1 -> ENTREGA O ITEM INDEPENDENTE DA CLASSE
# TYPE = 0 -> ENTREGA O ITEM INDEPENDENTE DOS PONTOS
# TYPE = 1 -> TEM MAIS PONTOS EM STR
# TYPE = 2 -> TEM MAIS PONTOS EM INT
# TYPE = 3 -> TEM MAIS PONTOS EM DEX
# CLASSES: 0=TK, 1=FM, 2=BM, 3=HT

# SEQUENCIA, LEVEL, CLASSE, TYPE, ITEM

#ID LEVEL CLASSE TYPE ITEM
#TK DN SET MALHA
0   29    0       1   1147 43 3 2 20 42 40
1   34    0       1   1159 43 3 2 20 74 12
2   39    0       1   1111 43 3 4 20 0  0
3   44    0       1   1135 43 3 2 20 3  20
4   49    0       1   1123 43 3 2 20 3  20

#TK MAG SET MALHA
5   29    0       2   1147 43 3 60 6  3  20
6   34    0       2   1159 43 3 60 6  74 12
7   39    0       2   1111 43 3 4  20 0  0
8   44    0       2   1135 43 3 60 6  3  20
9   49    0       2   1123 43 3 60 6  3  20

#TK DN SET DOURADO
10  84    0       1   1186 43 3 2 20 42 40
11  89    0       1   1189 43 3 2 20 74 12
12  94    0       1   1177 43 3 4 20 0  0
13  99    0       1   1183 43 3 2 20 3  20
14  104   0       1   1180 43 3 2 20 3  20

#TK MAG SET DOURADO
15  84    0       2   1186 43 3 60 6  3  20
16  89    0       2   1189 43 3 60 6  74 12
17  94    0       2   1177 43 3 4  20 0  0
18  99    0       2   1183 43 3 60 6  3  20
19  104   0       2   1180 43 3 60 6  3  20

#TK DN SET ANÃ
20  119    0       1   1201 43 3 2 20 42 40
21  124    0       1   1204 43 3 2 20 74 12
22  129    0       1   1192 43 3 4 20 0  0
23  134    0       1   1198 43 3 2 20 3  20
24  139    0       1   1195 43 3 2 20 3  20

#TK MAG SET ANÃ
25  119    0       2   1201 43 3 60 6  3  20
26  124    0       2   1204 43 3 60 6  74 12
27  129    0       2   1192 43 3 4  20 0  0
28  134    0       2   1198 43 3 60 6  3  20
29  139    0       2   1195 43 3 60 6  3  20






#GLOBAL PREMIO - CAVALO LEVE
30  149   0      -1   2368 15 15 15 15 15 15





#ARMA TK DANO NO LEVEL 155
31  154    0      1   869 43 5 2 36 0 0
32  154    0      1   869 43 5 2 36 0 0
#ARMA TK MAG NO LEVEL 155
34  154    0      2   854 43 5 60 16 0 0

#TK DN SET EMBUTIDO
35  159    0       1   1216 43 3 2 20 42 40
36  169    0       1   1219 43 3 2 20 74 12
37  179    0       1   1207 43 3 4 20 0  0
38  189    0       1   1213 43 3 2 20 3  20
39  199    0       1   1210 43 3 2 20 3  20

#TK MAG SET EMBUTIDO
40  159    0       2   1216 43 3 60 6  3  20
41  169    0       2   1219 43 3 60 6  74 12
42  179    0       2   1207 43 3 4  20 0  0
43  189    0       2   1213 43 3 60 6  3  20
44  199    0       2   1210 43 3 60 6  3  20

#ARMA TK DANO NO LEVEL 255
45  254    0      1   3751 43 5 2 36 0 0
46  254    0      1   3751 43 5 2 36 0 0
#ARMA TK MAG NO LEVEL 255
47  254    0      2   3566 43 5 60 16 0 0






#ID LEVEL CLASSE TYPE ITEM
#FM DN SET SOMBRIO
48   29    1       1   1297 43 3 2 20 42 40
49   34    1       1   1309 43 3 2 20 74 12
50   39    1       1   1261 43 3 4 20 0  0
51   44    1       1   1285 43 3 2 20 3  20
52   49    1       1   1273 43 3 2 20 3  20

#FM MAG SET SOMBRIO
53   29    1       2   1297 43 3 60 6  3  20
54   34    1       2   1309 43 3 60 6  74 12
55   39    1       2   1261 43 3 4  20 0  0
56   44    1       2   1285 43 3 60 6  3  20
57   49    1       2   1273 43 3 60 6  3  20

#FM DN SET CONCHA
58  84    1       1   1321 43 3 2 20 42 40
59  89    1       1   1324 43 3 2 20 74 12
60  94    1       1   1312 43 3 4 20 0  0
61  99    1       1   1318 43 3 2 20 3  20
62  104   1       1   1315 43 3 2 20 3  20

#FM MAG SET CONCHA
63  84    1       2   1321 43 3 60 6  3  20
64  89    1       2   1324 43 3 60 6  74 12
65  94    1       2   1312 43 3 4  20 0  0
66  99    1       2   1318 43 3 60 6  3  20
67  104   1       2   1315 43 3 60 6  3  20

#FM DN SET CONJURADORA
68  119    1       1   1336 43 3 2 20 42 40
69  124    1       1   1339 43 3 2 20 74 12
70  129    1       1   1327 43 3 4 20 0  0
71  134    1       1   1333 43 3 2 20 3  20
72  139    1       1   1330 43 3 2 20 3  20

#FM MAG SET CONJURADORA
73  119    1       2   1336 43 3 60 6  3  20
74  124    1       2   1339 43 3 60 6  74 12
75  129    1       2   1327 43 3 4  20 0  0
76  134    1       2   1333 43 3 60 6  3  20
77  139    1       2   1330 43 3 60 6  3  20

#ARMA FM DANO NO LEVEL 155
78  154    1      1   824 43 5 2 36 0 0
#ARMA FM MAG NO LEVEL 155
79  154    1      2   899 43 5 60 16 0 0

#FM DN SET MYTRIL
80  159    1       1   1351 43 3 2 20 42 40
81  169    1       1   1354 43 3 2 20 74 12
82  179    1       1   1342 43 3 4 20 0  0
83  189    1       1   1348 43 3 2 20 3  20
84  199    1       1   1345 43 3 2 20 3  20

#FM MAG SET MYTRIL
85  159    1       2   1351 43 3 60 6  3  20
86  169    1       2   1354 43 3 60 6  74 12
87  179    1       2   1342 43 3 4  20 0  0
88  189    1       2   1348 43 3 60 6  3  20
89  199    1       2   1345 43 3 60 6  3  20

#ARMA FM DANO NO LEVEL 255
90  254    1      1   3556 43 5 2 36 0 0
#ARMA FM MAG NO LEVEL 255
91  254    1      2   3582 43 5 60 16 0 0





#ID LEVEL CLASSE TYPE ITEM
#BM DN SET AGUIA
92   29    2       1   1456 43 3 2 20 42 40
93   34    2       1   1459 43 3 2 20 74 12
94   39    2       1   1447 43 3 4 20 0  0
95   44    2       1   1453 43 3 2 20 3  20
96   49    2       1   1450 43 3 2 20 3  20

#BM MAG SET AGUIA
97   29    2	    2   1456 43 3 60 6  3  20
98   34    2        2   1459 43 3 60 6  74 12
99   39    2        2   1447 43 3 4  20 0  0
100   44    2       2   1453 43 3 60 6  3  20
101   49    2       2   1450 43 3 60 6  3  20

#BM DN SET OSSO
102  84    2       1   1471 43 3 2 20 42 40
103  89    2       1   1474 43 3 2 20 74 12
104  94    2       1   1462 43 3 4 20 0  0
105  99    2       1   1468 43 3 2 20 3  20
106  104   2       1   1465 43 3 2 20 3  20

#BM MAG SET OSSO
107  84    2       2   1471 43 3 60 6  3  20
108  89    2       2   1474 43 3 60 6  74 12
109  94    2       2   1462 43 3 4  20 0  0
110  99    2       2   1468 43 3 60 6  3  20
111  104   2       2   1465 43 3 60 6  3  20

#BM DN SET AEON
112  119    2       1   1486 43 3 2 20 42 40
113  124    2       1   1489 43 3 2 20 74 12
114  129    2       1   1477 43 3 4 20 0  0
115  134    2       1   1483 43 3 2 20 3  20
116  139    2       1   1480 43 3 2 20 3  20

#BM MAG SET AEON
117  119    2       2   1486 43 3 60 6  3  20
118  124    2       2   1489 43 3 60 6  74 12
119  129    2       2   1477 43 3 4  20 0  0
120  134    2       2   1483 43 3 60 6  3  20
121  139    2       2   1480 43 3 60 6  3  20

#ARMA BM DANO NO LEVEL 155
122  154    2      1   884 43 5 2 36 0 0
#ARMA BM MAG NO LEVEL 155
123  154    2      2   854 43 5 60 16 0 0

#BM DN SET ELEMENTAL
124  159    2       1   1501 43 3 2 20 42 40
125  169    2       1   1504 43 3 2 20 74 12
126  179    2       1   1492 43 3 4 20 0  0
127  189    2       1   1498 43 3 2 20 3  20
128  199    2       1   1495 43 3 2 20 3  20

#BM MAG SET ELEMENTAL
129  159    2       2   1501 43 3 60 6  3  20
130  169    2       2   1504 43 3 60 6  74 12
131  179    2       2   1492 43 3 4  20 0  0
132  189    2       2   1498 43 3 60 6  3  20
133  199    2       2   1495 43 3 60 6  3  20

#ARMA BM DANO NO LEVEL 255
134  254    2      1   3576 43 5 2 36 0 0
#ARMA BM MAG NO LEVEL 255
135  254    2      2   3566 43 5 60 16 0 0



#ID LEVEL CLASSE TYPE ITEM
#HT DN SET METAL
136   29    3       0   1606 43 3 2 20 42 40
137   34    3       0   1609 43 3 2 20 74 12
138   39    3       0   1597 43 3 4 20 0  0
139   44    3       0   1603 43 3 2 20 3  20
140   49    3       0   1600 43 3 2 20 3  20
# SEQUENCIA, LEVEL, CLASSE, TYPE, ITEM
# TYPE = -1 -> ENTREGA O ITEM INDEPENDENTE DA CLASSE
# TYPE = 0 -> ENTREGA O ITEM INDEPENDENTE DOS PONTOS
# TYPE = 1 -> TEM MAIS PONTOS EM STR
# TYPE = 2 -> TEM MAIS PONTOS EM INT
# TYPE = 3 -> TEM MAIS PONTOS EM DEX
# CLASSES: 0=TK, 1=FM, 2=BM, 3=HT

# SEQUENCIA, LEVEL, CLASSE, TYPE, ITEM

#ID LEVEL CLASSE TYPE ITEM
#TK DN SET MALHA
0   29    0       1   1147 43 3 2 20 42 40
1   34    0       1   1159 43 3 2 20 74 12
2   39    0       1   1111 43 3 4 20 0  0
3   44    0       1   1135 43 3 2 20 3  20
4   49    0       1   1123 43 3 2 20 3  20

#TK MAG SET MALHA
5   29    0       2   1147 43 3 60 6  3  20
6   34    0       2   1159 43 3 60 6  74 12
7   39    0       2   1111 43 3 4  20 0  0
8   44    0       2   1135 43 3 60 6  3  20
9   49    0       2   1123 43 3 60 6  3  20

#TK DN SET DOURADO
10  84    0       1   1186 43 3 2 20 42 40
11  89    0       1   1189 43 3 2 20 74 12
12  94    0       1   1177 43 3 4 20 0  0
13  99    0       1   1183 43 3 2 20 3  20
14  104   0       1   1180 43 3 2 20 3  20

#TK MAG SET DOURADO
15  84    0       2   1186 43 3 60 6  3  20
16  89    0       2   1189 43 3 60 6  74 12
17  94    0       2   1177 43 3 4  20 0  0
18  99    0       2   1183 43 3 60 6  3  20
19  104   0       2   1180 43 3 60 6  3  20

#TK DN SET ANÃ
20  119    0       1   1201 43 3 2 20 42 40
21  124    0       1   1204 43 3 2 20 74 12
22  129    0       1   1192 43 3 4 20 0  0
23  134    0       1   1198 43 3 2 20 3  20
24  139    0       1   1195 43 3 2 20 3  20

#TK MAG SET ANÃ
25  119    0       2   1201 43 3 60 6  3  20
26  124    0       2   1204 43 3 60 6  74 12
27  129    0       2   1192 43 3 4  20 0  0
28  134    0       2   1198 43 3 60 6  3  20
29  139    0       2   1195 43 3 60 6  3  20






#GLOBAL PREMIO - CAVALO LEVE
30  149   0      -1   2368 15 15 15 15 15 15





#ARMA TK DANO NO LEVEL 155
31  154    0      1   869 43 5 2 36 0 0
32  154    0      1   869 43 5 2 36 0 0
#ARMA TK MAG NO LEVEL 155
34  154    0      2   854 43 5 60 16 0 0

#TK DN SET EMBUTIDO
35  159    0       1   1216 43 3 2 20 42 40
36  169    0       1   1219 43 3 2 20 74 12
37  179    0       1   1207 43 3 4 20 0  0
38  189    0       1   1213 43 3 2 20 3  20
39  199    0       1   1210 43 3 2 20 3  20

#TK MAG SET EMBUTIDO
40  159    0       2   1216 43 3 60 6  3  20
41  169    0       2   1219 43 3 60 6  74 12
42  179    0       2   1207 43 3 4  20 0  0
43  189    0       2   1213 43 3 60 6  3  20
44  199    0       2   1210 43 3 60 6  3  20

#ARMA TK DANO NO LEVEL 255
45  254    0      1   3551 43 5 2 36 0 0
46  254    0      1   3551 43 5 2 36 0 0
#ARMA TK MAG NO LEVEL 255
47  254    0      2   3566 43 5 60 16 0 0






#ID LEVEL CLASSE TYPE ITEM
#FM DN SET SOMBRIO
48   29    1       1   1297 43 3 2 20 42 40
49   34    1       1   1309 43 3 2 20 74 12
50   39    1       1   1261 43 3 4 20 0  0
51   44    1       1   1285 43 3 2 20 3  20
52   49    1       1   1273 43 3 2 20 3  20

#FM MAG SET SOMBRIO
53   29    1       2   1297 43 3 60 6  3  20
54   34    1       2   1309 43 3 60 6  74 12
55   39    1       2   1261 43 3 4  20 0  0
56   44    1       2   1285 43 3 60 6  3  20
57   49    1       2   1273 43 3 60 6  3  20

#FM DN SET CONCHA
58  84    1       1   1321 43 3 2 20 42 40
59  89    1       1   1324 43 3 2 20 74 12
60  94    1       1   1312 43 3 4 20 0  0
61  99    1       1   1318 43 3 2 20 3  20
62  104   1       1   1315 43 3 2 20 3  20

#FM MAG SET CONCHA
63  84    1       2   1321 43 3 60 6  3  20
64  89    1       2   1324 43 3 60 6  74 12
65  94    1       2   1312 43 3 4  20 0  0
66  99    1       2   1318 43 3 60 6  3  20
67  104   1       2   1315 43 3 60 6  3  20

#FM DN SET CONJURADORA
68  119    1       1   1336 43 3 2 20 42 40
69  124    1       1   1339 43 3 2 20 74 12
70  129    1       1   1327 43 3 4 20 0  0
71  134    1       1   1333 43 3 2 20 3  20
72  139    1       1   1330 43 3 2 20 3  20

#FM MAG SET CONJURADORA
73  119    1       2   1336 43 3 60 6  3  20
74  124    1       2   1339 43 3 60 6  74 12
75  129    1       2   1327 43 3 4  20 0  0
76  134    1       2   1333 43 3 60 6  3  20
77  139    1       2   1330 43 3 60 6  3  20

#ARMA FM DANO NO LEVEL 155
78  154    1      1   824 43 5 2 36 0 0
#ARMA FM MAG NO LEVEL 155
79  154    1      2   899 43 5 60 16 0 0

#FM DN SET MYTRIL
80  159    1       1   1351 43 3 2 20 42 40
81  169    1       1   1354 43 3 2 20 74 12
82  179    1       1   1342 43 3 4 20 0  0
83  189    1       1   1348 43 3 2 20 3  20
84  199    1       1   1345 43 3 2 20 3  20

#FM MAG SET MYTRIL
85  159    1       2   1351 43 3 60 6  3  20
86  169    1       2   1354 43 3 60 6  74 12
87  179    1       2   1342 43 3 4  20 0  0
88  189    1       2   1348 43 3 60 6  3  20
89  199    1       2   1345 43 3 60 6  3  20

#ARMA FM DANO NO LEVEL 255
90  254    1      1   3556 43 5 2 36 0 0
#ARMA FM MAG NO LEVEL 255
91  254    1      2   3582 43 5 60 16 0 0





#ID LEVEL CLASSE TYPE ITEM
#BM DN SET AGUIA
92   29    2       1   1456 43 3 2 20 42 40
93   34    2       1   1459 43 3 2 20 74 12
94   39    2       1   1447 43 3 4 20 0  0
95   44    2       1   1453 43 3 2 20 3  20
96   49    2       1   1450 43 3 2 20 3  20

#BM MAG SET AGUIA
97   29    2	    2   1456 43 3 60 6  3  20
98   34    2        2   1459 43 3 60 6  74 12
99   39    2        2   1447 43 3 4  20 0  0
100   44    2       2   1453 43 3 60 6  3  20
101   49    2       2   1450 43 3 60 6  3  20

#BM DN SET OSSO
102  84    2       1   1471 43 3 2 20 42 40
103  89    2       1   1474 43 3 2 20 74 12
104  94    2       1   1462 43 3 4 20 0  0
105  99    2       1   1468 43 3 2 20 3  20
106  104   2       1   1465 43 3 2 20 3  20

#BM MAG SET OSSO
107  84    2       2   1471 43 3 60 6  3  20
108  89    2       2   1474 43 3 60 6  74 12
109  94    2       2   1462 43 3 4  20 0  0
110  99    2       2   1468 43 3 60 6  3  20
111  104   2       2   1465 43 3 60 6  3  20

#BM DN SET AEON
112  119    2       1   1486 43 3 2 20 42 40
113  124    2       1   1489 43 3 2 20 74 12
114  129    2       1   1477 43 3 4 20 0  0
115  134    2       1   1483 43 3 2 20 3  20
116  139    2       1   1480 43 3 2 20 3  20

#BM MAG SET AEON
117  119    2       2   1486 43 3 60 6  3  20
118  124    2       2   1489 43 3 60 6  74 12
119  129    2       2   1477 43 3 4  20 0  0
120  134    2       2   1483 43 3 60 6  3  20
121  139    2       2   1480 43 3 60 6  3  20

#ARMA BM DANO NO LEVEL 155
122  154    2      1   884 43 5 2 36 0 0
#ARMA BM MAG NO LEVEL 155
123  154    2      2   854 43 5 60 16 0 0

#BM DN SET ELEMENTAL
124  159    2       1   1501 43 3 2 20 42 40
125  169    2       1   1504 43 3 2 20 74 12
126  179    2       1   1492 43 3 4 20 0  0
127  189    2       1   1498 43 3 2 20 3  20
128  199    2       1   1495 43 3 2 20 3  20

#BM MAG SET ELEMENTAL
129  159    2       2   1501 43 3 60 6  3  20
130  169    2       2   1504 43 3 60 6  74 12
131  179    2       2   1492 43 3 4  20 0  0
132  189    2       2   1498 43 3 60 6  3  20
133  199    2       2   1495 43 3 60 6  3  20

#ARMA BM DANO NO LEVEL 255
134  254    2      1   3576 43 5 2 36 0 0
#ARMA BM MAG NO LEVEL 255
135  254    2      2   3566 43 5 60 16 0 0



#ID LEVEL CLASSE TYPE ITEM
#HT DN SET METAL
136   29    3       0   1606 43 3 2 20 42 40
137   34    3       0   1609 43 3 2 20 74 12
138   39    3       0   1597 43 3 4 20 0  0
139   44    3       0   1603 43 3 2 20 3  20
140   49    3       0   1600 43 3 2 20 3  20

#HT DN SET COMBATE
141  84    3        0   1621 43 3 2 20 42 40
142  89    3        0   1624 43 3 2 20 74 12
143  94    3        0   1612 43 3 4 20 0  0
144  99    3        0   1618 43 3 2 20 3  20
145  104   3        0   1615 43 3 2 20 3  20

#HT DN SET NATUREZA
146  119    3       0   1636 43 3 2 20 42 40
147  124    3       0   1639 43 3 2 20 74 12
148  129    3       0   1627 43 3 4 20 0  0
149  134    3       0   1633 43 3 2 20 3  20
150  139    3       0   1630 43 3 2 20 3  20

#ARMA HT DANO NO LEVEL 155
151  154    3      1   824 43 5 2 36 0 0
#ARMA HT MAG NO LEVEL 155
152  154    3      3   839 43 5 2 36 0 0

#HT DN SET TEIA
153  159    3       0   1651 43 3 2 20 42 40
154  169    3       0   1654 43 3 2 20 74 12
155  179    3       0   1642 43 3 4 20 0  0
156  189    3       0   1648 43 3 2 20 3  20
157  199    3       0   1645 43 3 2 20 3  20

#ARMA HT DANO NO LEVEL 255
158  254    3      1   3556 43 5 2 36 0 0
#ARMA HT DEX NO LEVEL 255
159  254    3      3   3561 43 5 2 36 0 0
#HT DN SET COMBATE
141  84    3        0   1621 43 3 2 20 42 40
142  89    3        0   1624 43 3 2 20 74 12
143  94    3        0   1612 43 3 4 20 0  0
144  99    3        0   1618 43 3 2 20 3  20
145  104   3        0   1615 43 3 2 20 3  20

#HT DN SET NATUREZA
146  119    3       0   1636 43 3 2 20 42 40
147  124    3       0   1639 43 3 2 20 74 12
148  129    3       0   1627 43 3 4 20 0  0
149  134    3       0   1633 43 3 2 20 3  20
150  139    3       0   1630 43 3 2 20 3  20

#ARMA HT DANO NO LEVEL 155
151  154    3      1   824 43 5 2 36 0 0
#ARMA HT MAG NO LEVEL 155
152  154    3      3   839 43 5 2 36 0 0

#HT DN SET TEIA
153  159    3       0   1651 43 3 2 20 42 40
154  169    3       0   1654 43 3 2 20 74 12
155  179    3       0   1642 43 3 4 20 0  0
156  189    3       0   1648 43 3 2 20 3  20
157  199    3       0   1645 43 3 2 20 3  20

#ARMA HT DANO NO LEVEL 255
158  254    3      1   3556 43 5 2 36 0 0
#ARMA HT DEX NO LEVEL 255
159  254    3      3   3561 43 5 2 36 0 0