0 0 000 0 0 0 0 0 0 0 0 0 0 0 0 0 0
1 1 202 20 203 10 204 50 2000000 100000 419 61 5 0 0 0 0
2 1 222 25 226 8 208 40 5000000 150000 419 61 5 0 0 0 0
3 1 300 10 209 30 212 80 4000000 200000 420 61 5 0 0 0 0
4 1 234 20 237 40 232 60 5000000 250000 413 61 0 0 0 0 0
5 1 242 15 233 20 236 30 4000000 2500000 412 61 2 0 0 0 0
6 1 235 35 229 20 230 70 3000000 300000 419 61 20 0 0 0 0
7 1 296 50 271 20 298 10 8000000 350000 413 61 2 0 0 0 0
8 1 294 50 309 20 293 10 5000000 400000 412 61 5 0 0 0 0
9 1 301 35 306 15 287 5 8000000 400000 413 61 2 0 0 0 0
10 1 260 45 242 15 298 25 8000000 450000 412 61 5 0 0 0 0
11 1 201 10 242 40 300 20 5000000 400000 412 61 3 0 0 0 0
12 1 222 20 271 10 212 50 2000000 200000 419 61 10 0 0 0 0
13 1 260 40 291 10 277 50 2000000 200000 420 61 10 0 0 0 0
14 1 213 50 236 40 230 70 6000000 200000 419 61 10 0 0 0 0
15 1 260 25 209 30 235 50 6000000 200000 412 61 5 0 0 0 0
16 1 218 25 284 10 252 50 2000000 300000 412 61 5 0 0 0 0
17 1 218 25 284 10 252 50 3000000 250000 413 61 2 0 0 0 0
18 1 247 25 229 20 204 50 2000000 300000 412 61 5 0 0 0 0
19 1 260 10 229 10 277 50 2000000 200000 419 61 10 0 0 0 0
20 1 252 30 229 50 300 20 2000000 200000 420 61 10 0 0 0 0
21 1 284 10 222 20 230 20 3000000 200000 412 61 4 0 0 0 0
22 1 242 10 201 10 30 20 5000000 300000 413 61 2 0 0 0 0
23 1 294 50 309 20 293 10 5000000 400000 420 61 20 0 0 0 0
24 2 312 15 260 50 287 25 5000000 500000 412 61 5 0 0 0 0
25 2 234 50 232 20 287 30 3000000 400000 413 61 5 0 0 0 0
26 2 352 50 351 5 301 30 5000000 800000 413 61 5 0 0 0 0
27 2 352 10 235 50 293 5 2000000 500000 412 61 5 0 0 0 0
28 2 306 20 353 10 309 15 2000000 450000 412 61 10 0 0 0 0
29 2 355 20 283 5 367 3 3000000 900000 413 61 8 0 0 0 0
30 2 174 2 312 5 354 10 8000000 5000000 413 61 5 0 0 0 0
31 2 364 1 312 50 351 5 10000000 8000000 413 61 10 0 0 0 0
32 2 283 10 312 15 365 1 11000000 1000000 413 61 10 0 0 0 0
33 2 312 50 352 40 60 15 6000000 5000000 412 61 10 0 0 0 0
34 2 373 20 372 15 389 20 8000000 8000000 413 61 5 0 0 0 0
35 2 373 20 372 20 312 80 8000000 5000000 412 61 5 0 0 0 0
36 2 368 10 382 40 373 40 10000000 9000000 413 61 5 0 0 0 0
